'Stat3: ', 1.5301, 0.7546, -0.6107, -0.4402, -1.2339

'Esrrb: ', 1.9382, -0.0183, -0.5642, -0.6252, -0.7305

'Tbx3: ', 1.9471, -0.0454, -0.6086, -0.6417, -0.6515

'Klf4: ', 1.9477, -0.0496, -0.5956, -0.6262, -0.6762

'Jak3: ', 1.8851, 0.1398, -0.4935, -0.6933, -0.8382

'Jak1: ', 1.6203, 0.4985, -0.9829, -1.0753, -0.0606

'Isl1: ', 1.0363, 1.3802, -0.6934, -0.6944, -1.0287

'Lifr: ', 0.3239, 1.7293, -0.2176, -0.6241, -1.2115

'Akt2: ', 1.9487, -0.1211, -0.5839, -0.4298, -0.8139

'Fgfr4: ', 0.9735, 0.2256, -0.292, 0.8703, -1.7773

'Fzd5: ', 1.2651, 1.1783, -0.6956, -0.8703, -0.8774

'Sox2: ', 1.7173, 0.5027, -0.4295, -0.8221, -0.9684

'Acvr1b: ', 1.9657, -0.7035, -0.6733, -0.3788, -0.2101

'Nanog: ', 1.9711, -0.1873, -0.6336, -0.6663, -0.484

'Il6st: ', 1.8777, 0.1828, -0.6537, -0.5935, -0.8132

'Inhbb: ', 1.9822, -0.2478, -0.605, -0.511, -0.6183

'Map2k1: ', 1.9125, -0.103, -0.2366, -0.9254, -0.6476

'Wnt11: ', 1.551, -0.7988, -1.2739, 0.575, -0.0534

'Dvl2: ', 1.5552, 0.023, 0.4272, -0.5627, -1.4428

'Id4: ', 1.9937, -0.3527, -0.5215, -0.5266, -0.593

'Pou5f1: ', -0.1929, 1.5904, 0.2034, -0.0552, -1.5457

'Fzd9: ', 1.4383, -0.0583, -1.5811, -0.3511, 0.5521

'Hoxa1: ', 1.9307, -0.6098, -0.6687, -0.673, 0.0208

'Wnt3a: ', 1.8688, -0.5411, -1.0446, -0.3458, 0.0627

'Hoxd1: ', -0.7572, -0.7572, 1.7275, 0.544, -0.7572

'Dvl3: ', 1.6301, 0.3828, -1.4161, -0.3787, -0.2181

'Inhbe: ', 1.0328, 0.9514, 0.0029, -0.2677, -1.7194

'Smad9: ', 1.9906, -0.4663, -0.3653, -0.4927, -0.6664

'Fzd10: ', 1.9803, -0.2244, -0.5951, -0.5929, -0.5679

'Grb2: ', 0.647, 1.413, 0.1504, -0.8608, -1.3495

'Bmp4: ', -0.9598, 1.8485, 0.2134, -0.4845, -0.6177

'Rest: ', 1.2306, 1.0534, -0.1239, -0.963, -1.1971

'Inhba: ', 1.9932, -0.345, -0.5587, -0.5801, -0.5094

'Setdb1: ', 1.0348, 1.3508, -0.5044, -0.7398, -1.1414

'Pcgf2: ', 0.2919, -1.845, 0.8193, 0.9008, -0.167

'Wnt2: ', 0.6424, -0.7719, -0.7719, 1.6733, -0.7719

'Mapk1: ', -0.7366, 1.8807, 0.1864, -0.6843, -0.6462

'Igf1: ', 1.9913, -0.3399, -0.5293, -0.6305, -0.4916

'Kat6a: ', 0.5732, 1.694, -0.6846, -0.5904, -0.9922

'Neurog1: ', -1.2156, -1.2156, 1.0096, 0.7959, 0.6258

'Hesx1: ', 1.9917, -0.5319, -0.3322, -0.5198, -0.6078

'Otx1: ', 1.9503, -0.2313, -0.8252, -0.2704, -0.6234

'Lefty2: ', 1.978, -0.2165, -0.547, -0.6521, -0.5624

'Onecut1: ', 1.7316, -0.0431, -0.9735, 0.2735, -0.9886

'Hand1: ', -1.011, 0.2585, -1.3048, 1.2435, 0.8138

'Jarid2: ', -0.8278, 1.4868, 0.6023, 0.057, -1.3184

'Wnt10a: ', -1.0508, 1.4045, -0.6297, -0.7247, 1.0007

'Id1: ', 0.2578, 1.851, -0.7901, -0.7411, -0.5776

'Axin2: ', 1.9836, -0.2524, -0.5654, -0.6172, -0.5486

'Meis1: ', 0.1049, 1.8566, -0.7907, -0.2451, -0.9256

'Myc: ', -1.2746, 1.6972, 0.1348, 0.1222, -0.6797

'Esx1: ', 0.3795, 0.6363, -1.5154, -0.7577, 1.2572

'Id2: ', 0.3252, 1.5593, -1.2257, -0.9391, 0.2803

'Axin1: ', -0.8499, 0.0705, 1.4403, 0.6645, -1.3254

'Acvr1: ', 1.9397, -0.9061, -0.5069, -0.1615, -0.3652

'Wnt6: ', -1.0243, 1.1108, -0.9626, -0.4005, 1.2766

'Pik3r1: ', 1.4859, 0.1467, -0.4649, 0.3837, -1.5515

'Mapk13: ', -0.2034, -0.989, -0.53, -0.1916, 1.9139

'Wnt7b: ', -0.2385, -0.2546, -0.931, -0.5121, 1.9363

'Wnt7a: ', -0.4673, -0.3881, 1.9927, -0.6503, -0.487

'Fgf2: ', 0.7025, 1.6375, -0.78, -0.78, -0.78

'Dvl1: ', -1.0712, -1.1771, 0.4004, 0.3766, 1.4713

'Lhx5: ', 1.869, -0.697, 0.2221, -0.697, -0.697

'Raf1: ', -0.6438, 1.833, 0.2744, -0.5329, -0.9308

'Pcgf1: ', 1.2976, -0.6178, -1.0829, -0.7151, 1.1183

'Pik3cb: ', 0.0687, 1.8302, -0.4737, -1.1631, -0.2621

'Jak2: ', 1.614, -0.7316, -0.8655, -0.7536, 0.7367

'Dlx5: ', -0.7972, -0.7972, 0.8537, 1.5378, -0.7972

'Dusp9: ', -1.253, -0.8155, 0.0145, 0.4545, 1.5994

'Smad4: ', -1.5188, 1.3595, 0.0796, 0.6862, -0.6065

'Smarcad1: ', -0.2736, 1.7683, 0.0897, -0.2749, -1.3095

'Ctnnb1: ', -1.0164, 1.7605, 0.338, -0.2514, -0.8307

'Wnt1: ', -0.816, -0.816, -0.816, 1.1665, 1.2814

'Zic3: ', -0.848, 1.7247, 0.4892, -0.4241, -0.9418

'Pcgf5: ', 0.0143, -0.0415, -1.3599, -0.3521, 1.7392

'Wnt8b: ', 0.3571, -0.942, -0.2195, -0.942, 1.7464

'Bmpr2: ', 1.8162, -0.7191, -0.5292, -0.8935, 0.3256

'Pik3r3: ', 1.8513, 0.1934, -0.6317, -0.4442, -0.9689

'Akt1: ', 0.6095, -1.301, -0.5004, -0.3979, 1.5898

'Rif1: ', -0.1277, 1.5279, 0.3439, -0.1614, -1.5827

'Acvr1c: ', -0.7831, 0.7273, -0.7831, 1.6221, -0.7831

'Wnt5a: ', 0.4029, 1.662, -0.4713, -0.2567, -1.3369

'Wnt2b: ', -1.5991, 0.0883, -0.0259, -0.0233, 1.5601

'Smad2: ', -0.1813, 1.9346, -0.2504, -0.6244, -0.8785

'Nodal: ', 1.7077, 0.3466, -0.8918, -1.0774, -0.0851

'Id3: ', -1.4942, 0.3278, 1.1557, 0.8191, -0.8083

'Inhbc: ', -0.9913, 1.5608, 0.7574, -0.4113, -0.9156

'Wnt4: ', -0.9222, -0.5607, -0.3292, -0.115, 1.9271

'Gsk3b: ', 1.7602, 0.111, -1.3135, -0.214, -0.3437

'Wnt10b: ', 0.5891, -1.5895, -0.4175, 0.0208, 1.3971

'Apc2: ', -1.3303, -0.752, 0.3348, 0.1576, 1.5899

'Bmi1: ', 1.2598, 0.6054, 0.3324, -0.5884, -1.6093

'Pik3ca: ', 1.1788, -0.9337, 0.8098, -1.4011, 0.3461

'Igf1r: ', -0.9507, -0.9575, -0.2626, 0.4712, 1.6995

'Smad1: ', 1.0671, -0.3842, -0.8317, -1.1526, 1.3013

'Wnt9b: ', -0.7562, -0.7562, 0.538, -0.7562, 1.7306

'Acvr2a: ', -0.1844, -1.2374, -0.0465, -0.3509, 1.8192

'Fgfr3: ', -1.0995, -0.647, -0.6194, 1.4912, 0.8748

'Wnt9a: ', -0.4061, -0.688, -0.5817, -0.3065, 1.9823

'Fzd8: ', 0.5877, -1.4489, -0.7573, 0.2296, 1.389

'Wnt3: ', -0.477, -1.4542, -0.2614, 1.401, 0.7915

'Bmpr1a: ', -0.7177, 1.3946, -1.4507, 0.6479, 0.1259

'Fzd1: ', 1.6835, -1.112, -0.9284, 0.2219, 0.135

'Smad3: ', 0.2563, -1.3056, -0.4315, -0.2463, 1.7271

'Lefty1: ', -0.2514, -0.6567, -0.4239, -0.6452, 1.9772

'Smad5: ', -1.6641, 1.308, 0.3331, 0.4635, -0.4405

'Pik3cd: ', -0.8039, -0.6209, 1.8399, 0.2908, -0.7059

'Map2k2: ', -1.2247, 0.7183, 1.4882, -0.1119, -0.8699

'Fzd3: ', -1.1392, -1.1844, 0.2106, 0.9507, 1.1624

'Wnt5b: ', 0.1223, -1.0258, 1.3765, 0.7448, -1.2179

'Fzd4: ', -0.5952, 1.9535, -0.4316, -0.7903, -0.1364

'Mapk11: ', -1.4494, -0.6214, 0.1357, 0.4097, 1.5254

'Akt3: ', -0.579, -0.8567, -0.5092, 0.029, 1.9159

'Myf5: ', -0.8152, -0.8152, -0.8152, 1.3119, 1.1337

'Hoxb1: ', -0.7697, -0.7697, 1.6823, -0.7697, 0.6267

'Bmpr1b: ', 1.4909, -0.5189, -1.476, 0.5703, -0.0662

'Pax6: ', -1.3141, 1.1046, -0.6164, -0.4032, 1.2291

'Apc: ', 1.3272, 0.0971, -1.7442, -0.1006, 0.4204

'Pcgf3: ', -1.931, 0.526, 0.646, -0.0009, 0.7598

'Fzd6: ', -0.8989, -0.4882, -0.2583, -0.3027, 1.9481

'Wnt8a: ', -1.4569, -0.7436, 1.3826, 0.6071, 0.2108

'Fgfr1: ', -1.085, -0.9353, -0.234, 0.7075, 1.5468

'Fgfr2: ', -1.0959, -0.7854, 0.0007, 0.0994, 1.7811

'Mapk3: ', -1.0976, -1.2315, 0.418, 0.583, 1.3282

'Mapk14: ', -1.2987, 1.7138, 0.2587, -0.1342, -0.5397

'Fzd2: ', -1.3003, -0.9873, 0.3197, 0.5991, 1.3688

'Kras: ', -0.8646, -0.6832, -0.2234, -0.1553, 1.9265

'Pcgf6: ', -1.5336, 0.8894, 1.1927, 0.1028, -0.6512

'Tcf7: ', -0.3544, -1.81, 0.6764, 0.6143, 0.8737

'Tcf3: ', -1.4664, -0.1417, 1.4094, 0.7411, -0.5423

'Acvr2b: ', -1.4936, -0.1771, -0.4963, 1.3515, 0.8155

'Wnt16: ', -0.7301, -0.5704, -0.3589, -0.3183, 1.9777

'Mapk12: ', -0.8313, -0.7729, -0.3278, 0.0338, 1.8982

'Pik3r2: ', -1.4672, -0.7169, 1.2966, 0.0842, 0.8033

'Nras: ', -1.7527, -0.2252, 0.9518, 0.9848, 0.0413

'Zfhx3: ', -1.5961, -0.306, 0.1097, 0.2876, 1.5047

'Hras: ', -1.639, -0.5049, 1.2016, 0.7635, 0.1788

'Lif: ', 0.119, -1.4054, -0.498, 0.1271, 1.6573

'Skil: ', -1.7244, -0.4733, 1.0823, 0.49, 0.6254

'Fzd7: ', -1.7579, -0.4725, 0.7619, 0.8521, 0.6164

